SampleID	bone	modernCalculus	plaque	sediment	skin	stool	Unknown
CMB001.A0101	0	0.75462	0	0	0	0	0.24538
CMB002.A0101	0	0.8811	0	0	0	0	0.1189
CMB003.A0101	0	0.94822	0	0	0	0	0.05178
CMB004.A0101	0	0.95894	0	0	0	0	0.04106
CMB005.A0101	0	0.7464	0	0	0	0	0.2536
CMB006.A0101	0	0.79646	0	0	0	0	0.20354
CMB007.A0101	0	0.71406	0	0	0	0	0.28594
CMB008.A0101	0	0.91228	0	2e-05	0	2e-05	0.08768
CS01	0	0.76382	0.01918	0.08988	0	0	0.12712
CS02	0	0.82892	0	0.0807	0	0	0.09038
CS03	0	0.8501	0	0.07968	0	0	0.07022
CS04	0	0.8287	0	0.05276	0	0	0.11854
CS07	0	0.7458	0.1062	0.05014	0	0	0.09786
CS08	0	0.70422	0.16588	0.02214	0	0	0.10776
CS09	0	0.84134	0	0.03958	0	0	0.11908
CS10	0	0.67102	0.2049	0.0584	0	0	0.06568
CS11	0	0.81428	0	0	0	0	0.18572
CS12	0	0.8355	0	0.04282	0	0	0.12168
CS13	0	0.78714	0.17004	8e-05	0	0	0.04274
CS14	0	0.66392	0.1141	0.05476	0	0	0.16722
CS15	0	0.82122	0	0	0	0	0.17878
CS16	0	0.9327	0	0	0	0	0.0673
CS17	0	0.81684	0	2e-05	0	0	0.18314
CS18	0	0.78394	0.16258	0.0448	0	0	0.00868
CS19	0	0.76274	0.16934	0	0	0	0.06792
CS20	0	0.96242	0	0.00238	0	0	0.0352
CS21	0	0.93604	0	0.00152	0	0	0.06244
CS22	0	0.88124	0	4e-05	0	0	0.11872
CS23	0	0.79818	0.05402	0.06038	0	0	0.08742
CS24	0	0.76016	0.05292	0.0645	0	0	0.12242
CS26	0	0.87844	0	0	0	0	0.12156
CS27	0	0.79134	0	0	0	0	0.20866
CS28	0	0.88564	0	0.00198	0	0.00268	0.1097
CS29	0	0.6865	0.26546	0.02044	0	0	0.0276
CS30	0	0.72512	0.14436	0	0	0	0.13052
CS31	0	0.86548	0	0.07186	0	0	0.06266
CS32	0	0.79364	0	0.05754	0	0	0.14882
CS33	0	0.78034	0	0	0	0	0.21966
CS34	0	0.80482	0.1119	0	0	0	0.08328
CS35	0	0.95322	0	0	0	0	0.04678
CS36	0	0.9227	0	0	0	0	0.0773
CS37	0	0.82146	0	0.06304	0	0	0.1155
CS38	0	0.75496	0	0	0	0	0.24504
CS39	0	0.89434	0	0.05736	0	0	0.0483
CS40	0	0.79418	0	0	0	0	0.20582
CS42	0	0.85816	0	0.08842	0	0	0.05342
CS43	0	0.90388	0	0	0	0	0.09612
CS44	0	0.47726	0.27216	0.16632	0	0	0.08426
CS45	0	0.59992	0.35352	0	0	0	0.04656
CS46	0	0.68074	0.11036	0.10814	0	0	0.10076
CS47	0	0.92278	0	0	0	0	0.07722
CS48	0	0.89994	0	0	0	0	0.10006
ELR003.A0101	0	0.81106	0	0	0	0	0.18894
ELR004.A0101	0	0.86598	0.02118	0	0	0	0.11284
ELR006.A0101	0	0.81738	0	2e-05	0	0	0.1826
ELR008.A0101	0	0.87626	0	0	0	0	0.12374
ELR010.A0101	0	0.77238	0	0.02794	0	0	0.19968
IVE002.B0101	0	0.83894	0	0	0	0	0.16106
IVE003.A0101	0	0.87948	0.07134	0	0	0	0.04918
IVE005.A0101	0	0.87738	0	0	0	0	0.12262
IVE005.B0101	0	0.91368	0.01516	0	0	0	0.07116
IVE007.B0101	0	0.95718	2e-05	0	0	0	0.0428
KT01calc	0	0.85264	0.07306	0	0	0	0.0743
KT02calc	0	0.8599	0.0349	0	0	0	0.1052
KT03calc	0	0.84252	0.10508	0	0	0	0.0524
KT04calc	0	0.94054	0	0	0	0	0.05946
KT05calc	0	0.971	0	0	0	0	0.029
KT06calc	0	0.83556	0	0	0	0	0.16444
KT07calc	0	0.9459	1e-04	0	0	0	0.054
KT08calc	0	0.68706	0.27454	0	0	0	0.0384
KT09calc	0	0.80712	0	0	0	0	0.19288
KT10calc	0	0.88314	2e-05	0	0	0	0.11684
KT11calc	0	0.91774	0	0	0	0	0.08226
KT12calc	0	0.94246	0	0	0	0	0.05754
KT13calc	0	0.92178	0	0	0	0	0.07822
KT14calc	0	0.96618	1e-04	0	0	0	0.03372
KT15calc	0	0.90848	0	0	0	0	0.09152
KT16calc	0	0.95026	0	0	0	0	0.04974
KT17calc	0	0.93964	0	0	0	0	0.06036
KT18calc	0	0.88862	0	0	0	0	0.11138
KT19calc	0	0.70546	0.0896	0	0	0	0.20494
KT20calc	0	0.88806	0	0	0	0	0.11194
KT21calc	0	0.90824	0.00022	0	0	0	0.09154
KT22calc	0	0.71334	0.22814	0	0	0	0.05852
KT23calc	0	0.95338	0	0	0	0	0.04662
KT24calc	0	0.93192	0	0	0	0	0.06808
KT25calc	0	0.89222	0	0	0	0	0.10778
KT26calc	0	0.9489	0.01562	0	0	0	0.03548
KT27calc	0	0.94168	0	0	0	0	0.05832
KT28calc	0	0.89744	0	0	0	0	0.10256
KT29calc	0	0.91918	0.03044	0	0	0	0.05038
KT30calc	0	0.91474	0	0	0	0	0.08526
KT31calc	0	0.87332	0.00212	0	0	0	0.12456
KT32calc	0	0.85736	0.0783	0	0	0	0.06434
KT33calc	0	0.94412	0	0	0	0	0.05588
KT34calc	0	0.89388	0	0	0	0	0.10612
KT35calc	0	0.92532	0.00208	0	0	0	0.0726
KT36calc	0	0.8013	0	0	0	0	0.1987
MID022.A0101	0	0.86466	0	0	0	0	0.13534
MID023.A0101	0	0.89378	0.0712	0	0	0	0.03502
MID024.A0101	0	0.94854	0	0	0	0	0.05146
MID026.A0101	0	0.70072	0.27628	0	0	0	0.023
MID027.A0101	0	0.84382	0.0727	0	0	0	0.08348
MID028.A0101	0	0.86508	0.06098	0	0	0	0.07394
MID029.A0101	0	0.96508	0.00034	0	0	0	0.03458
MID030.A0101	0	0.91148	0	0	0	0	0.08852
MID031.A0101	0	0.80312	0	0	0	0	0.19688
MID032.A0101	0	0.89282	0	0	0	0	0.10718
MID034.A0101	0	0.90542	0	0	0	0	0.09458
MID035.A0101	0	0.88038	0.01284	0	0	0	0.10678
MID036.A0101	0	0.85692	0.08144	0	0	0	0.06164
MID037.A0101	0	0.87302	0.0949	0	0	0	0.03208
MID038.A0101	0	0.75188	0.19752	0	0	0	0.0506
MID039.A0101	0	0.92362	0	0	0	0	0.07638
MID040.A0101	0	0.85648	0	0	0	0	0.14352
MID041.A0101	0	0.91018	0	0	0	0	0.08982
MID042.A0101	0	0.79028	0.11832	2e-05	0	0	0.09138
MID043.A0101	0	0.73212	0.2144	0	0	0	0.05348
MID044.A0101	0	0.95724	0.00028	0	0	0	0.04248
MID045.A0101	0	0.94316	0	0.00138	0	0	0.05546
MID046.A0101	0	0.92122	0	2e-04	0	0	0.07858
MID047.A0101	0	0.91542	0	0	0	0	0.08458
MID048.A0101	0	0.94414	0	0	0	0	0.05586
MID049.A0101	0	0.84096	0.0998	0	0	0	0.05924
MID050.A0101	0	0.92512	0	0	0	0	0.07488
MID051.A0101	0	0.95828	2e-05	0	0	0	0.0417
MID053.A0101	0	0.8309	0	0	0	0	0.1691
MID054.A0101	0	0.91538	0.00024	0	0	0	0.08438
MID055.A0101	0	0.94822	8e-05	0	0	0	0.0517
MID057.A0101	0	0.82352	2e-05	0	0	0	0.17646
MID058.A0101	0	0.89596	0	0	0	0	0.10404
MID059.A0101	0	0.82792	0	0	0	0	0.17208
MID060.A0101	0	0.9535	0	0	0	0	0.0465
MID061.A0101	0	0.94952	0.01312	0	0	0	0.03736
MID062.A0101	0	0.90354	0	0	0	0	0.09646
MID063.A0101	0	0.85808	0	0	0	0	0.14192
MID064.A0101	0	0.95144	0	0	0	0	0.04856
MID066.A0101	0	0.90352	0.01426	0	0	0	0.08222
MID067.A0101	0	0.9671	0	0	0	0	0.0329
MID068.B0101	0	0.89538	0.04134	0	0	0	0.06328
MID070.A0101	0	0.86458	0	0	0	4e-05	0.13538
MID071.A0101	0	0.93714	0	0	0	0	0.06286
MID072.A0101	0	0.76144	0	0	0	0	0.23856
MID073.A0101	0	0.93286	0	0	4e-05	0	0.0671
MID074.A0101	0	0.85446	0	0	0	0	0.14554
MID075.A0101	0	0.88436	0	0	0	0	0.11564
MID077.A0101	0	0.84226	0.10532	0	0	0	0.05242
MID079.A0101	0	0.73778	0.22506	0	2e-05	0	0.03714
MID080.A0101	0	0.80118	0.15728	0	0	0	0.04154
MID081.A0101	0	0.92796	0	0	2e-05	0	0.07202
MID082.A0101	0	0.86776	0	0	0	0	0.13224
MID083.A0101	0	0.90918	0.00274	0	0	0	0.08808
MID084.A0101	0	0.8566	0	0	0	0	0.1434
MID085.A0101	0	0.8874	0.02572	0	0	0	0.08688
MID086.A0101	0	0.87856	0	0	0	0	0.12144
MID087.A0101	0	0.7927	0.15178	0	0	0	0.05552
MID088.A0101	0	0.92744	0	0	0	0	0.07256
MID089.A0101	0	0.91784	0	0	0	0	0.08216
MID090.A0101	0	0.7378	0.22784	0	0	0	0.03436
MID091.A0101	0	0.943	0	0	0	0	0.057
MID092.A0101	0	0.83542	0	0	0	0	0.16458
MID093.A0101	0	0.90038	0	0	0	0	0.09962
MID094.A0101	0	0.92992	0	0	0	0	0.07008
MID097.A0101	0	0.83294	0	0	0	0	0.16706
MID101.A0101	0	0.9155	0.0407	0	0	0	0.0438
MID102.A0101	0	0.95864	0.00644	0	0	0	0.03492
